136
ava0172.def 011111111111111111111111111111111111111111111111 100000000000000000000000000000000000000000000000 111111111 000000001 5 171 4 0
ava0173.def 011111111111111111111111111111111111111111111111 100000000000000000000000000000000000000000000000 111111111 000000001 5 172 4 0
ava0174.def 011111111111111111111111111111111111111111111111 100000000000000000000000000000000000000000000000 111111111 000000001 5 173 4 0
ava0175.def 011111111111111111111111111111111111111111111111 100000000000000000000000000000000000000000000000 111111111 000000001 5 174 4 0
ava0176.def 011111111111111111111111111111111111111111111111 100000000000000000000000000000000000000000000000 111111111 000000001 5 175 4 0
ava0177.def 011111111111111111111111111111111111111111111111 100000000000000000000000000000000000000000000000 111111111 000000001 5 176 4 0
ava0178.def 011111111111111111111111111111111111111111111111 100000000000000000000000000000000000000000000000 111111111 000000001 5 177 4 0
ava0179.def 011111111111111111111111111111111111111111111111 100000000000000000000000000000000000000000000000 111111111 000000001 5 178 4 0
ava0180.def 011111111111111111111111111111111111111111111111 100000000000000000000000000000000000000000000000 111111111 000000001 5 179 4 0
ava0181.def 011111111111111111111111111111111111111111111111 100000000000000000000000000000000000000000000000 111111111 000000001 5 180 4 0
ava0182.def 011111111111111111111111111111111111111111111111 100000000000000000000000000000000000000000000000 111111111 000000001 5 181 4 0
ava0183.def 011111111111111111111111111111111111111111111111 100000000000000000000000000000000000000000000000 111111111 000000001 5 182 4 0
ava0184.def 011111111111111111111111111111111111111111111111 100000000000000000000000000000000000000000000000 111111111 000000001 5 183 4 0
ava0185.def 011111111111111111111111111111111111111111111111 100000000000000000000000000000000000000000000000 111111111 000000001 5 184 4 0
ava0186.def 011111111111111111111111111111111111111111111111 100000000000000000000000000000000000000000000000 111111111 000000001 5 185 4 0
ava0187.def 011111111111111111111111111111111111111111111111 100000000000000000000000000000000000000000000000 111111111 000000001 5 186 4 0
ava0188.def 011111111111111111111111111111111111111111111111 100000000000000000000000000000000000000000000000 111111111 000000001 5 187 4 0
ava0189.def 011111111111111111111111111111111111111111111111 100000000000000000000000000000000000000000000000 111111111 000000001 5 188 4 0
ava0190.def 011111111111111111111111111111111111111111111111 100000000000000000000000000000000000000000000000 111111111 000000001 5 189 4 0
ava0191.def 011111111111111111111111111111111111111111111111 100000000000000000000000000000000000000000000000 111111111 000000001 5 190 4 0
ava0192.def 011111111111111111111111111111111111111111111111 100000000000000000000000000000000000000000000000 111111111 000000001 5 191 4 0
ava0193.def 011111111111111111111111111111111111111111111111 100000000000000000000000000000000000000000000000 111111111 000000001 5 192 4 0
ava0194.def 011111111111111111111111111111111111111111111111 100000000000000000000000000000000000000000000000 111111111 000000001 5 193 4 0
ava0195.def 011111111111111111111111111111111111111111111111 100000000000000000000000000000000000000000000000 111111111 000000001 5 194 4 0
ava0196.def 011111111111111111111111111111111111111111111111 100000000000000000000000000000000000000000000000 111111111 000000001 5 195 4 0
ava0197.def 011111111111111111111111111111111111111111111111 100000000000000000000000000000000000000000000000 111111111 000000001 5 196 4 0
ava0198.def 011111111111111111111111111111111111111111111111 100000000000000000000000000000000000000000000000 111111111 000000001 5 197 4 0
ava0199.def 011111111111111111111111111111111111111111111111 100000000000000000000000000000000000000000000000 111111111 000000001 5 198 4 0
ava0200.def 011111111111111111111111111111111111111111111111 100000000000000000000000000000000000000000000000 111111111 000000001 5 199 4 0
ava0201.def 011111111111111111111111111111111111111111111111 100000000000000000000000000000000000000000000000 111111111 000000001 5 200 4 0
ava0202.def 011111111111111111111111111111111111111111111111 100000000000000000000000000000000000000000000000 111111111 000000001 5 201 4 0
ava0203.def 011111111111111111111111111111111111111111111111 100000000000000000000000000000000000000000000000 111111111 000000001 5 202 4 0
ava0204.def 011111111111111111111111111111111111111111111111 100000000000000000000000000000000000000000000000 111111111 000000001 5 203 4 0
ava0205.def 011111111111111111111111111111111111111111111111 100000000000000000000000000000000000000000000000 111111111 000000001 5 204 4 0
ava0206.def 011111111111111111111111111111111111111111111111 100000000000000000000000000000000000000000000000 111111111 000000001 5 205 4 0
ava0207.def 011111111111111111111111111111111111111111111111 100000000000000000000000000000000000000000000000 111111111 000000001 5 206 4 0
ava0208.def 011111111111111111111111111111111111111111111111 100000000000000000000000000000000000000000000000 111111111 000000001 5 207 4 0
ava0209.def 011111111111111111111111111111111111111111111111 100000000000000000000000000000000000000000000000 111111111 000000001 5 208 4 0
ava0210.def 011111111111111111111111111111111111111111111111 100000000000000000000000000000000000000000000000 111111111 000000001 5 209 4 0
ava0211.def 011111111111111111111111111111111111111111111111 100000000000000000000000000000000000000000000000 111111111 000000001 5 210 4 0
ava0212.def 011111111111111111111111111111111111111111111111 100000000000000000000000000000000000000000000000 111111111 000000001 5 211 4 0
ava0213.def 011111111111111111111111111111111111111111111111 100000000000000000000000000000000000000000000000 111111111 000000001 5 212 4 0
ava0214.def 011111111111111111111111111111111111111111111111 100000000000000000000000000000000000000000000000 111111111 000000001 5 213 4 0
ava0215.def 011111111111111111111111111111111111111111111111 100000000000000000000000000000000000000000000000 111111111 000000001 5 214 4 0
ava0216.def 011111111111111111111111111111111111111111111111 100000000000000000000000000000000000000000000000 111111111 000000001 5 215 4 0
ava0217.def 011111111111111111111111111111111111111111111111 100000000000000000000000000000000000000000000000 111111111 000000001 5 216 4 0
ava0218.def 011111111111111111111111111111111111111111111111 100000000000000000000000000000000000000000000000 111111111 000000001 5 217 4 0
ava0219.def 011111111111111111111111111111111111111111111111 100000000000000000000000000000000000000000000000 111111111 000000001 5 218 4 0
ava0220.def 011111111111111111111111111111111111111111111111 100000000000000000000000000000000000000000000000 111111111 000000001 5 219 4 0
ava0221.def 011111111111111111111111111111111111111111111111 100000000000000000000000000000000000000000000000 111111111 000000001 5 220 4 0
ava0222.def 011111111111111111111111111111111111111111111111 100000000000000000000000000000000000000000000000 111111111 000000001 5 221 4 0
ava0223.def 011111111111111111111111111111111111111111111111 100000000000000000000000000000000000000000000000 111111111 000000001 5 222 4 0
ava0224.def 011111111111111111111111111111111111111111111111 100000000000000000000000000000000000000000000000 111111111 000000001 5 223 4 0
ava0225.def 011111111111111111111111111111111111111111111111 100000000000000000000000000000000000000000000000 111111111 000000001 5 224 4 0
ava0226.def 011111111111111111111111111111111111111111111111 100000000000000000000000000000000000000000000000 111111111 000000001 5 225 4 0
ava0227.def 011111111111111111111111111111111111111111111111 100000000000000000000000000000000000000000000000 111111111 000000001 5 226 4 0
ava0228.def 011111111111111111111111111111111111111111111111 100000000000000000000000000000000000000000000000 111111111 000000001 5 227 4 0
ava0229.def 011111111111111111111111111111111111111111111111 100000000000000000000000000000000000000000000000 111111111 000000001 5 228 4 0
ava0230.def 011111111111111111111111111111111111111111111111 100000000000000000000000000000000000000000000000 111111111 000000001 5 229 4 0
ava0231.def 011111111111111111111111111111111111111111111111 100000000000000000000000000000000000000000000000 111111111 000000001 5 230 4 0
ava0232.def 011111111111111111111111111111111111111111111111 100000000000000000000000000000000000000000000000 111111111 000000001 5 231 4 0
ava0233.def 011111111111111111111111111111111111111111111111 100000000000000000000000000000000000000000000000 111111111 000000001 5 232 4 0
ava0234.def 011111111111111111111111111111111111111111111111 100000000000000000000000000000000000000000000000 111111111 000000001 5 233 4 0
ava0235.def 011111111111111111111111111111111111111111111111 100000000000000000000000000000000000000000000000 111111111 000000001 5 234 4 0
ava0236.def 011111111111111111111111111111111111111111111111 100000000000000000000000000000000000000000000000 111111111 000000001 5 235 4 0
ava0237.def 011111111111111111111111111111111111111111111111 100000000000000000000000000000000000000000000000 111111111 000000001 5 236 4 0
ava0238.def 011111111111111111111111111111111111111111111111 100000000000000000000000000000000000000000000000 111111111 000000001 5 237 4 0
ava0239.def 011111111111111111111111111111111111111111111111 100000000000000000000000000000000000000000000000 111111111 000000001 5 238 4 0
ava0240.def 011111111111111111111111111111111111111111111111 100000000000000000000000000000000000000000000000 111111111 000000001 5 239 4 0
ava0241.def 011111111111111111111111111111111111111111111111 100000000000000000000000000000000000000000000000 111111111 000000001 5 240 4 0
ava0242.def 011111111111111111111111111111111111111111111111 100000000000000000000000000000000000000000000000 111111111 000000001 5 241 4 0
ava0243.def 011111111111111111111111111111111111111111111111 100000000000000000000000000000000000000000000000 111111111 000000001 5 242 4 0
ava0244.def 011111111111111111111111111111111111111111111111 100000000000000000000000000000000000000000000000 111111111 000000001 5 243 4 0
ava0245.def 011111111111111111111111111111111111111111111111 100000000000000000000000000000000000000000000000 111111111 000000001 5 244 4 0
ava0246.def 011111111111111111111111111111111111111111111111 100000000000000000000000000000000000000000000000 111111111 000000001 5 245 4 0
ava0247.def 011111111111111111111111111111111111111111111111 100000000000000000000000000000000000000000000000 111111111 000000001 5 246 4 0
ava0248.def 011111111111111111111111111111111111111111111111 100000000000000000000000000000000000000000000000 111111111 000000001 5 247 4 0
ava0249.def 011111111111111111111111111111111111111111111111 100000000000000000000000000000000000000000000000 111111111 000000001 5 248 4 0
ava0250.def 011111111111111111111111111111111111111111111111 100000000000000000000000000000000000000000000000 111111111 000000001 5 249 4 0
ava0251.def 011111111111111111111111111111111111111111111111 100000000000000000000000000000000000000000000000 111111111 000000001 5 250 4 0
ava0252.def 011111111111111111111111111111111111111111111111 100000000000000000000000000000000000000000000000 111111111 000000001 5 251 4 0
ava0253.def 011111111111111111111111111111111111111111111111 100000000000000000000000000000000000000000000000 111111111 000000001 5 252 4 0
ava0254.def 011111111111111111111111111111111111111111111111 100000000000000000000000000000000000000000000000 111111111 000000001 5 253 4 0
ava0255.def 011111111111111111111111111111111111111111111111 100000000000000000000000000000000000000000000000 111111111 000000001 5 254 4 0
ava0256.def 011111111111111111111111111111111111111111111111 100000000000000000000000000000000000000000000000 111111111 000000001 5 255 4 0
ava0257.def 011111111111111111111111111111111111111111111111 100000000000000000000000000000000000000000000000 111111111 000000001 5 256 4 0
ava0258.def 011111111111111111111111111111111111111111111111 100000000000000000000000000000000000000000000000 111111111 000000001 5 257 4 0
ava0259.def 011111111111111111111111111111111111111111111111 100000000000000000000000000000000000000000000000 111111111 000000001 5 258 4 0
ava0260.def 011111111111111111111111111111111111111111111111 100000000000000000000000000000000000000000000000 111111111 000000001 5 259 4 0
ava0261.def 011111111111111111111111111111111111111111111111 100000000000000000000000000000000000000000000000 111111111 000000001 5 260 4 0
ava0262.def 011111111111111111111111111111111111111111111111 100000000000000000000000000000000000000000000000 111111111 000000001 5 261 4 0
ava0263.def 011111111111111111111111111111111111111111111111 100000000000000000000000000000000000000000000000 111111111 000000001 5 262 4 0
ava0264.def 011111111111111111111111111111111111111111111111 100000000000000000000000000000000000000000000000 111111111 000000001 5 263 4 0
ava0265.def 011111111111111111111111111111111111111111111111 100000000000000000000000000000000000000000000000 111111111 000000001 5 264 4 0
ava0266.def 011111111111111111111111111111111111111111111111 100000000000000000000000000000000000000000000000 111111111 000000001 5 265 4 0
ava0267.def 011111111111111111111111111111111111111111111111 100000000000000000000000000000000000000000000000 111111111 000000001 5 266 4 0
ava0268.def 011111111111111111111111111111111111111111111111 100000000000000000000000000000000000000000000000 111111111 000000001 5 267 4 0
ava0269.def 011111111111111111111111111111111111111111111111 100000000000000000000000000000000000000000000000 111111111 000000001 5 268 4 0
ava0270.def 011111111111111111111111111111111111111111111111 100000000000000000000000000000000000000000000000 111111111 000000001 5 269 4 0
ava0271.def 011111111111111111111111111111111111111111111111 100000000000000000000000000000000000000000000000 111111111 000000001 5 270 4 0
ava0272.def 011111111111111111111111111111111111111111111111 100000000000000000000000000000000000000000000000 111111111 000000001 5 271 4 0
ava0273.def 011111111111111111111111111111111111111111111111 100000000000000000000000000000000000000000000000 111111111 000000001 5 272 4 0
ava0274.def 011111111111111111111111111111111111111111111111 100000000000000000000000000000000000000000000000 111111111 000000001 5 273 4 0
ava0275.def 011111111111111111111111111111111111111111111111 100000000000000000000000000000000000000000000000 111111111 000000001 5 274 4 0
ava0276.def 011111111111111111111111111111111111111111111111 100000000000000000000000000000000000000000000000 111111111 000000001 5 275 4 0
ava0277.def 011111111111111111111111111111111111111111111111 100000000000000000000000000000000000000000000000 111111111 000000001 5 276 4 0
ava0278.def 011111111111111111111111111111111111111111111111 100000000000000000000000000000000000000000000000 111111111 000000001 5 277 4 0
ava0279.def 011111111111111111111111111111111111111111111111 100000000000000000000000000000000000000000000000 111111111 000000001 5 278 4 0
ava0280.def 011111111111111111111111111111111111111111111111 100000000000000000000000000000000000000000000000 111111111 000000001 5 279 4 0
ava0281.def 011111111111111111111111111111111111111111111111 100000000000000000000000000000000000000000000000 111111111 000000001 5 280 4 0
ava0282.def 011111111111111111111111111111111111111111111111 100000000000000000000000000000000000000000000000 111111111 000000001 5 281 4 0
ava0283.def 011111111111111111111111111111111111111111111111 100000000000000000000000000000000000000000000000 111111111 000000001 5 282 4 0
ava0284.def 011111111111111111111111111111111111111111111111 100000000000000000000000000000000000000000000000 111111111 000000001 5 283 4 0
ava0285.def 011111111111111111111111111111111111111111111111 100000000000000000000000000000000000000000000000 111111111 000000001 5 284 4 0
ava0286.def 011111111111111111111111111111111111111111111111 100000000000000000000000000000000000000000000000 111111111 000000001 5 285 4 0
ava0287.def 011111111111111111111111111111111111111111111111 100000000000000000000000000000000000000000000000 111111111 000000001 5 286 4 0
ava0288.def 011111111111111111111111111111111111111111111111 100000000000000000000000000000000000000000000000 111111111 000000001 5 287 4 0
ava0289.def 011111111111111111111111111111111111111111111111 100000000000000000000000000000000000000000000000 111111111 000000001 5 288 4 0
ava0290.def 011111111111111111111111111111111111111111111111 100000000000000000000000000000000000000000000000 111111111 000000001 5 289 4 0
ava0291.def 011111111111111111111111111111111111111111111111 100000000000000000000000000000000000000000000000 111111111 000000001 5 290 4 0
ava0292.def 011111111111111111111111111111111111111111111111 100000000000000000000000000000000000000000000000 111111111 000000001 5 291 4 0
ava0293.def 011111111111111111111111111111111111111111111111 100000000000000000000000000000000000000000000000 111111111 000000001 5 292 4 0
ava0294.def 011111111111111111111111111111111111111111111111 100000000000000000000000000000000000000000000000 111111111 000000001 5 293 4 0
ava0295.def 011111111111111111111111111111111111111111111111 100000000000000000000000000000000000000000000000 111111111 000000001 5 294 4 0
ava0296.def 011111111111111111111111111111111111111111111111 100000000000000000000000000000000000000000000000 111111111 000000001 5 295 4 0
ava0297.def 011111111111111111111111111111111111111111111111 100000000000000000000000000000000000000000000000 111111111 000000001 5 296 4 0
ava0298.def 011111111111111111111111111111111111111111111111 100000000000000000000000000000000000000000000000 111111111 000000001 5 297 4 0
ava0299.def 011111111111111111111111111111111111111111111111 100000000000000000000000000000000000000000000000 111111111 000000001 5 298 4 0
ava0300.def 011111111111111111111111111111111111111111111111 100000000000000000000000000000000000000000000000 111111111 000000001 5 299 4 0
ava0301.def 011111111111111111111111111111111111111111111111 100000000000000000000000000000000000000000000000 111111111 000000001 5 300 4 0
ava0302.def 011111111111111111111111111111111111111111111111 100000000000000000000000000000000000000000000000 111111111 000000001 5 301 4 0
ava0303.def 011111111111111111111111111111111111111111111111 100000000000000000000000000000000000000000000000 111111111 000000001 5 302 4 0
ava0304.def 011111111111111111111111111111111111111111111111 100000000000000000000000000000000000000000000000 111111111 000000001 5 303 4 0
ava0305.def 011111111111111111111111111111111111111111111111 100000000000000000000000000000000000000000000000 111111111 000000001 5 304 4 0
ava0306.def 011111111111111111111111111111111111111111111111 100000000000000000000000000000000000000000000000 111111111 000000001 5 305 4 0
ava0307.def 011111111111111111111111111111111111111111111111 100000000000000000000000000000000000000000000000 111111111 000000001 5 306 4 0
