15
AVXbnk80.def 101111111111111111111111111111111111111111111111 010000000000000000000000000000000000000000000000 111111111 011111111 16 31 0 0
avblktgr.def 101111111111111111111111111111111111111111111111 010000000000000000000000000000000000000000000000 111111111 000010100 16 27 0 0
avcmetrs.def 000111111111111111111111111111111111111111111111 010000000000000000000000000000000000000000000000 000001000 000001000 16 29 0 0
AVXbnk9s.def 001111111111111111111111111111111111111111111111 100000000000000000000000000000000000000000000000 111111111 000001000 16 30 0 0
avblktsn.def 101111111111111111111111111111111111111111111111 010000000000000000000000000000000000000000000000 111111111 000001000 16 27 0 0
avcmetrh.def 000111111111111111111111111111111111111111111111 010000000000000000000000000000000000000000000000 000110100 000110100 16 29 0 0
SANCT_WT.def 001111110011111111111111111111111111111111111111 100000000000000000000000000000000000000000000000 100000000 100000000 16 21 0 0
avmnsion.def 000111111111111111111111111111111111111111111111 010000000000000000000000000000000000000000000000 111111111 011111111 16 24 0 0
avredtwr.def 110111111101111111111111111111111111111111111111 001000000000000000000000000000000000000000000000 111111111 011111111 16 26 0 0
avblktwr.def 101111111111111111111111111111111111111111111111 010000000000000000000000000000000000000000000000 111111111 011100011 16 27 0 0
avcmetry.def 000111111111111111111111111111111111111111111111 010000000000000000000000000000000000000000000000 011000001 011000001 16 29 0 0
AVXbnk90.def 001111111111111111111111111111111111111111111111 100000000000000000000000000000000000000000000000 111111111 011110111 16 30 0 0
avbone02.def 000111110011111111111111111111111111111111111111 010000000000000000000000000000000000000000000000 111111111 000010000 16 25 0 0
avivtow1.def 001111111111111111111111111111111111111111111111 100000000000000000000000000000000000000000000000 111111111 000001000 16 28 0 0
avivtow2.def 001111111111111111111111111111111111111111111111 100000000000000000000000000000000000000000000000 111111111 000000010 16 28 0 0
