13
AVSidol0.def 011111111111111111111111111111111111111111111111 100000000000000000000000000000000000000000000000 111111111 011110111 38 0 0 0
Z358O2.def 011111111111111111111111111111111111111111111111 100000000000000000000000000000000000000000000000 111111111 000001000 38 0 0 0
AVSlibr0.def 000011110011111111111111111111111111111111111111 010000000000000000000000000000000000000000000000 111111111 011110111 41 0 0 0
Z358O3.def 000011110011111111111111111111111111111111111111 010000000000000000000000000000000000000000000000 111111111 000001000 41 0 0 0
AVXtvrn0.def 001111111111111111111111111111111111111111111111 010000000000000000000000000000000000000000000000 111111111 011110111 95 0 0 0
Z358O7.def 001111111111111111111111111111111111111111111111 010000000000000000000000000000000000000000000000 111111111 000001000 95 0 0 0
AVSgzbo0.def 011111111111111111111111111111111111111111111111 100000000000000000000000000000000000000000000000 111111111 011110111 100 0 0 0
Z358O1.def 011111111111111111111111111111111111111111111111 100000000000000000000000000000000000000000000000 111111111 000001000 100 0 0 0
Z358O6.def 101111111111111111111111111111111111111111111111 010000000000000000000000000000000000000000000000 111111111 000001000 102 0 0 0
AvTCave.def 000111111011111111111111111111111111111111111111 010000000000000000000000000000000000000000000000 011111111 011110111 103 0 0 0
Z358O5.def 000111111011111111111111111111111111111111111111 010000000000000000000000000000000000000000000000 011111111 000001000 103 0 0 0
AVSwtch0.def 101111111111111111111111111111111111111111111111 010000000000000000000000000000000000000000000000 111111111 011110111 113 0 0 0
Z358O4.def 101111111111111111111111111111111111111111111111 010000000000000000000000000000000000000000000000 111111111 000001000 113 0 0 0
