10
avwrhswd.def 001111111111111111111111111111111111111111111111 100000000000000000000000000000000000000000000000 111111111 011111111 142 0 0 0
avwrhsmc.def 001111111111111111111111111111111111111111111111 100000000000000000000000000000000000000000000000 111111111 011111111 142 1 0 0
avwrhsor.def 001111111111111111111111111111111111111111111111 100000000000000000000000000000000000000000000000 111111111 011111111 142 2 0 0
avwrhssf.def 001111111111111111111111111111111111111111111111 100000000000000000000000000000000000000000000000 111111111 011111111 142 3 0 0
avwrhscr.def 001111111111111111111111111111111111111111111111 100000000000000000000000000000000000000000000000 111111111 011111111 142 4 0 0
avwrhsgm.def 001111111111111111111111111111111111111111111111 100000000000000000000000000000000000000000000000 111111111 011111111 142 5 0 0
avwrhsgl.def 001111111111111111111111111111111111111111111111 100000000000000000000000000000000000000000000000 111111111 011111111 142 6 0 0
avwrhsmt.def 001111111111111111111111111111111111111111111111 100000000000000000000000000000000000000000000000 111111111 011111111 142 7 0 0
AVSmgarn.def 000111110001111111111111111111111111111111111111 010000000000000000000000000000000000000000000000 111111111 011111111 144 2 0 0
AVXgazeb.def 101111111111111111111111111111111111111111111111 010000000000000000000000000000000000000000000000 111111111 011111111 144 6 0 0
