21
miniftdr.def 001111111111111111111111111111111111111111111111 100000000000000000000000000000000000000000000000 111111111 000000001 35 1 0 0
miniftsd.def 001111111111111111111111111111111111111111111111 100000000000000000000000000000000000000000000000 111111111 000000010 35 1 0 0
minifort.def 001111111111111111111111111111111111111111111111 100000000000000000000000000000000000000000000000 111111111 000000100 35 1 0 0
miniftsn.def 001111111111111111111111111111111111111111111111 100000000000000000000000000000000000000000000000 111111111 000001000 35 1 0 0
miniftsw.def 001111111111111111111111111111111111111111111111 100000000000000000000000000000000000000000000000 111111111 000010000 35 1 0 0
miniftrg.def 001111111111111111111111111111111111111111111111 100000000000000000000000000000000000000000000000 111111111 000100000 35 1 0 0
miniftsb.def 001111111111111111111111111111111111111111111111 100000000000000000000000000000000000000000000000 111111111 001000000 35 1 0 0
miniftlv.def 001111111111111111111111111111111111111111111111 100000000000000000000000000000000000000000000000 111111111 010000000 35 1 0 0
AVXdream.def 001111111111111111111111111111111111111111111111 010000000000000000000000000000000000000000000000 111111111 011111111 141 0 0 0
avxgravw.def 011111111111111111111111111111111111111111111111 100000000000000000000000000000000000000000000000 011111111 001000001 141 1 0 0
AVStmplt.def 001111111111111111111111111111111111111111111111 100000000000000000000000000000000000000000000000 111111111 011111111 144 0 0 0
AVXsktrs.def 001111111111111111111111111111111111111111111111 100000000000000000000000000000000000000000000000 111111111 001000000 144 1 0 0
AVSmgarn.def 000111110001111111111111111111111111111111111111 010000000000000000000000000000000000000000000000 111111111 011111111 144 2 0 0
avwtplce.def 011111111111111111111111111111111111111111111111 100000000000000000000000000000000000000000000000 111111111 000100000 144 3 0 0
AVXmspr0.def 001111111111111111111111111111111111111111111111 100000000000000000000000000000000000000000000000 111111111 001000000 144 4 0 0
AVShrmit.def 001111111111111111111111111111111111111111111111 010000000000000000000000000000000000000000000000 111111111 011111111 144 5 0 0
AVXjnkmn.def 001111111111111111111111111111111111111111111111 100000000000000000000000000000000000000000000000 111111111 001111111 144 7 0 0
avstrblz.def 001111111111111111111111111111111111111111111111 100000000000000000000000000000000000000000000000 111111111 000100000 144 11 0 0
avtglam.def 101111111111111111111111111111111111111111111111 010000000000000000000000000000000000000000000000 111111111 000001000 145 0 0 0
avtglam2.def 101111111111111111111111111111111111111111111111 010000000000000000000000000000000000000000000000 111111111 000000010 145 0 0 0
avxobs.def 000111111111111111111111111111111111111111111111 010000000000000000000000000000000000000000000000 111111111 011111111 146 1 0 0
