52
AVXjnklt.def 001111111111111111111111111111111111111111111111 100000000000000000000000000000000000000000000000 111111111 010000000 16 40 0 0
AVSutop0.def 100011111000001100001111111111111111111111111111 010000000000000000000000000000000000000000000000 111111111 001100111 25 0 0 0
UtopiaSN.def 100011111000001100001111111111111111111111111111 010000000000000000000000000000000000000000000000 111111111 000001000 25 0 0 0
AVSutop5.def 100011111000001100001111111111111111111111111111 010000000000000000000000000000000000000000000000 111111111 000010000 25 0 0 0
AVSutop8.def 100011111000001100001111111111111111111111111111 010000000000000000000000000000000000000000000000 111111111 010000000 25 0 0 0
UtopiaWt.def 100011111000001100001111111111111111111111111111 010000000000000000000000000000000000000000000000 111111111 100000000 25 0 0 0
AVXfyth7.def 001111110011111111111111111111111111111111111111 100000000000000000000000000000000000000000000000 111111111 001000000 31 0 0 0
AVXhils0.def 001111111111111111111111111111111111111111111111 100000000000000000000000000000000000000000000000 111111111 000000010 35 0 0 0
AVXhilm0.def 001111111111111111111111111111111111111111111111 100000000000000000000000000000000000000000000000 111111111 000010000 35 0 0 0
AVXhilr0.def 001111111111111111111111111111111111111111111111 100000000000000000000000000000000000000000000000 111111111 000100000 35 0 0 0
AVXhilu0.def 001111111111111111111111111111111111111111111111 100000000000000000000000000000000000000000000000 111111111 001000000 35 0 0 0
AVXhill0.def 001111111111111111111111111111111111111111111111 100000000000000000000000000000000000000000000000 111111111 010000000 35 0 0 0
miniftdr.def 001111111111111111111111111111111111111111111111 100000000000000000000000000000000000000000000000 111111111 000000001 35 1 0 0
miniftsd.def 001111111111111111111111111111111111111111111111 100000000000000000000000000000000000000000000000 111111111 000000010 35 1 0 0
minifort.def 001111111111111111111111111111111111111111111111 100000000000000000000000000000000000000000000000 111111111 000000100 35 1 0 0
miniftsn.def 001111111111111111111111111111111111111111111111 100000000000000000000000000000000000000000000000 111111111 000001000 35 1 0 0
miniftsw.def 001111111111111111111111111111111111111111111111 100000000000000000000000000000000000000000000000 111111111 000010000 35 1 0 0
miniftrg.def 001111111111111111111111111111111111111111111111 100000000000000000000000000000000000000000000000 111111111 000100000 35 1 0 0
miniftsb.def 001111111111111111111111111111111111111111111111 100000000000000000000000000000000000000000000000 111111111 001000000 35 1 0 0
miniftlv.def 001111111111111111111111111111111111111111111111 100000000000000000000000000000000000000000000000 111111111 010000000 35 1 0 0
AVTmyst0.def 000111111111111111111111111111111111111111111111 010000000000000000000000000000000000000000000000 111111111 000010100 55 0 0 0
AVTmystd.def 000111111111111111111111111111111111111111111111 010000000000000000000000000000000000000000000000 111111111 000000001 55 0 0 0
avtprosp.def 000111111111111111111111111111111111111111111111 010000000000000000000000000000000000000000000000 111111111 001000010 55 0 0 0
AVXgyne0.def 000111111111111111111111111111111111111111111111 010000000000000000000000000000000000000000000000 111111111 000000101 84 0 0 0
AVXgysw0.def 000111111111111111111111111111111111111111111111 010000000000000000000000000000000000000000000000 111111111 000010000 84 0 0 0
4lvlxshrn.def 011111111111111111111111111111111111111111111111 100000000000000000000000000000000000000000000000 111111111 011111111 88 3 0 0
AVXstbl1.def 001111111111111111111111111111111111111111111111 100000000000000000000000000000000000000000000000 111111111 000001000 94 0 0 0
AVXstbl7.def 001111111111111111111111111111111111111111111111 100000000000000000000000000000000000000000000000 111111111 011000000 94 0 0 0
AVStmpl0.def 001111111111111111111111111111111111111111111111 010000000000000000000000000000000000000000000000 111111111 011110111 96 0 0 0
AVStmpl1.def 001111111111111111111111111111111111111111111111 010000000000000000000000000000000000000000000000 111111111 000001000 96 0 0 0
AVXtrek2.def 101111111111111111111111111111111111111111111111 010000000000000000000000000000000000000000000000 111111111 000000010 102 0 0 0
AVXtrek5.def 101111111111111111111111111111111111111111111111 010000000000000000000000000000000000000000000000 111111111 000010000 102 0 0 0
AVXtrek7.def 101111111111111111111111111111111111111111111111 010000000000000000000000000000000000000000000000 111111111 001000000 102 0 0 0
AVSuniv0.def 000011110000111110001111111111111111111111111111 010000000000000000000000000000000000000000000000 111111111 011110111 104 0 0 0
AVSuniv1.def 000011110000111110001111111111111111111111111111 010000000000000000000000000000000000000000000000 111111111 000001000 104 0 0 0
AVXtomb0.def 001111111111111111111111111111111111111111111111 100000000000000000000000000000000000000000000000 111111111 011110111 108 0 0 0
AVXtomb1.def 001111111111111111111111111111111111111111111111 100000000000000000000000000000000000000000000000 111111111 000001000 108 0 0 0
avmoilpm.def 001111111111111111111111111111111111111111111111 100000000000000000000000000000000000000000000000 111111111 001000000 109 0 0 0
AVXdream.def 001111111111111111111111111111111111111111111111 010000000000000000000000000000000000000000000000 111111111 011111111 141 0 0 0
avxgravw.def 011111111111111111111111111111111111111111111111 100000000000000000000000000000000000000000000000 011111111 001000001 141 1 0 0
AVStmplt.def 001111111111111111111111111111111111111111111111 100000000000000000000000000000000000000000000000 111111111 011111111 144 0 0 0
AVXsktrs.def 001111111111111111111111111111111111111111111111 100000000000000000000000000000000000000000000000 111111111 001000000 144 1 0 0
AVSmgarn.def 000111110001111111111111111111111111111111111111 010000000000000000000000000000000000000000000000 111111111 011111111 144 2 0 0
avwtplce.def 011111111111111111111111111111111111111111111111 100000000000000000000000000000000000000000000000 111111111 000100000 144 3 0 0
AVXmspr0.def 001111111111111111111111111111111111111111111111 100000000000000000000000000000000000000000000000 111111111 001000000 144 4 0 0
AVShrmit.def 001111111111111111111111111111111111111111111111 010000000000000000000000000000000000000000000000 111111111 011111111 144 5 0 0
AVXgazeb.def 101111111111111111111111111111111111111111111111 010000000000000000000000000000000000000000000000 111111111 011111111 144 6 0 0
AVXjnkmn.def 001111111111111111111111111111111111111111111111 100000000000000000000000000000000000000000000000 111111111 001111111 144 7 0 0
avstrblz.def 001111111111111111111111111111111111111111111111 100000000000000000000000000000000000000000000000 111111111 000100000 144 11 0 0
avtglam.def 101111111111111111111111111111111111111111111111 010000000000000000000000000000000000000000000000 111111111 000001000 145 0 0 0
avtglam2.def 101111111111111111111111111111111111111111111111 010000000000000000000000000000000000000000000000 111111111 000000010 145 0 0 0
avxobs.def 000111111111111111111111111111111111111111111111 010000000000000000000000000000000000000000000000 111111111 011111111 146 1 0 0
