7
AVWCR197.def 011111111111111111111111111111111111111111111111 100000000000000000000000000000000000000000000000 111111111 000000001 54 197 2 0
AVWCR198.def 011111111111111111111111111111111111111111111111 100000000000000000000000000000000000000000000000 111111111 000000001 54 198 2 0
AVWCR199.def 011111111111111111111111111111111111111111111111 100000000000000000000000000000000000000000000000 111111111 000000001 54 199 2 0
AVWCR200.def 011111111111111111111111111111111111111111111111 100000000000000000000000000000000000000000000000 111111111 000000001 54 200 2 0
AVWCR201.def 011111111111111111111111111111111111111111111111 100000000000000000000000000000000000000000000000 111111111 000000001 54 201 2 0
AVWCR202.def 011111111111111111111111111111111111111111111111 100000000000000000000000000000000000000000000000 111111111 000000001 54 202 2 0
AVWCR203.def 011111111111111111111111111111111111111111111111 100000000000000000000000000000000000000000000000 111111111 000000001 54 203 2 0
AVWCR204.def 011111111111111111111111111111111111111111111111 100000000000000000000000000000000000000000000000 111111111 000000001 54 204 2 0
AVWCR205.def 011111111111111111111111111111111111111111111111 100000000000000000000000000000000000000000000000 111111111 000000001 54 205 2 0
AVWCR206.def 011111111111111111111111111111111111111111111111 100000000000000000000000000000000000000000000000 111111111 000000001 54 206 2 0
AVWCR207.def 011111111111111111111111111111111111111111111111 100000000000000000000000000000000000000000000000 111111111 000000001 54 207 2 0
AVWCR208.def 011111111111111111111111111111111111111111111111 100000000000000000000000000000000000000000000000 111111111 000000001 54 208 2 0
AVWCR209.def 011111111111111111111111111111111111111111111111 100000000000000000000000000000000000000000000000 111111111 000000001 54 209 2 0
AVWCR210.def 011111111111111111111111111111111111111111111111 100000000000000000000000000000000000000000000000 111111111 000000001 54 210 2 0
AVWCR211.def 011111111111111111111111111111111111111111111111 100000000000000000000000000000000000000000000000 111111111 000000001 54 211 2 0
AVWCR212.def 011111111111111111111111111111111111111111111111 100000000000000000000000000000000000000000000000 111111111 000000001 54 212 2 0
AVWCR213.def 011111111111111111111111111111111111111111111111 100000000000000000000000000000000000000000000000 111111111 000000001 54 213 2 0
AVWCR214.def 011111111111111111111111111111111111111111111111 100000000000000000000000000000000000000000000000 111111111 000000001 54 214 2 0
AVWCR215.def 011111111111111111111111111111111111111111111111 100000000000000000000000000000000000000000000000 111111111 000000001 54 215 2 0
AVWCR216.def 011111111111111111111111111111111111111111111111 100000000000000000000000000000000000000000000000 111111111 000000001 54 216 2 0
AVWCR217.def 011111111111111111111111111111111111111111111111 100000000000000000000000000000000000000000000000 111111111 000000001 54 217 2 0
AVWCR218.def 011111111111111111111111111111111111111111111111 100000000000000000000000000000000000000000000000 111111111 000000001 54 218 2 0
AVWCR219.def 011111111111111111111111111111111111111111111111 100000000000000000000000000000000000000000000000 111111111 000000001 54 219 2 0
